207
187
214
205
402
421
420
413
328
308
5
165
333
294
432
216
213
183
186
426
401
430
426
318
337
4
175
297
343
429
214
190
216
212
422
409
425
409
266
284
5
236
298
345
431
198
210
218
187
410
429
405
400
344
266
3
208
335
334
437
194
195
206
209
406
414
424
429
328
341
3
211
253
332
422
199
217
182
184
426
406
429
406
257
286
5
220
333
253
416
191
213
212
217
426
417
404
425
254
286
2
164
326
297
447
191
194
211
206
401
408
430
403
310
293
4
242
348
322
421
194
197
219
206
411
411
426
429
277
348
2
249
336
340
428
218
180
216
206
410
410
405
423
318
339
4
156
306
321
430
190
180
199
209
411
401
416
427
273
277
2
189
301
327
409
