14148
14412
14713
14227
14201
14032
14606
14982
14583
14495
14110
14552
14080
14073
14730
14521
14470
14961
14987
14877
14275
14904
14184
14858
14262
14556
14456
14882
14925
14813
14178
14165
14385
14952
14022
14689
14243
14205
14043
14320
14924
14407
14288
14260
14848
14323
14688
14434
14608
14434
14329
14978
14480
14216
14725
14712
14353
14738
14310
14671
14349
14423
14053
14622
14349
14088
14019
14982
14278
14920
14860
14370
14495
14796
14107
14387
14866
14014
14316
14762
14249
14965
14942
14666
14630
14752
14151
14849
14065
14815
14502
14630
14690
14962
14969
14230
14509
14232
14496
14583
14373
14078
14069
14797
14404
14231
14796
14083
14100
14130
14124
14473
14781
14396
14508
14405
14519
14615
14933
14378
14616
14149
14071
14164
14449
14910
14112
14237
14191
14806
14703
14530
14167
14662
14377
14187
14537
14374
14901
14411
14970
14014
14848
14648
14935
14938
14114
14015
14216
14089
14278
14367
14386
14562
14014
14425
14889
14279
14859
14847
14833
14192
14770
14560
14181
