23.83
21.96
22.35
23.54
22.4
19.2
21.23
21.78
23.1
18
19.69
23.19
18.19
21.03
20.16
18.85
23.51
19.38
23.87
23.41
22.43
19.77
20.51
18.79
23.17
20.22
19.82
20.44
18.18
18.89
19.32
19.97
23.03
21.31
21.66
23.39
21.9
23.78
21.43
22.64
19.04
20
23.73
19.87
19.42
21.47
23.17
23.75
20.87
18.99
22.93
22.95
22.33
20.21
19.94
22.92
18.52
18.83
20.06
22.54
20.07
20.93
19.32
19.28
23.57
22.88
21.47
19.42
22.98
22.11
19.21
18.06
22.04
21.18
19.73
23.07
19.2
20.24
22.91
21.5
19.24
18.2
19.85
22.68
19.94
22.83
23.37
18.92
22.6
21.59
18.1
19.5
19.68
21.6
23.63
20.99
20.55
19.45
18.18
21.47
21.84
19.57
21.71
18.95
18.16
19.78
18.09
18.45
20.67
23.65
21.09
18.66
20.49
23.01
23.49
23.35
19.19
22.43
21.76
20.93
20.67
22.14
20.03
22.56
22.81
21.31
21.74
19.86
21.48
20.71
22.38
19.27
18.44
21.85
21.21
18.51
23.93
22.86
18.72
23.12
18.74
22.11
23.92
20.81
19.47
21.39
19.99
19.48
23.22
18.92
18.28
21.03
22.21
19.68
22.12
20.7
23.41
21.67
23.46
23.34
22.43
21.63
19.43
23.52
21.76
