34.52
46.04
32.37
43.62
51.18
50.66
46.96
36.93
43.22
32.51
53.09
47.66
45.42
51.53
40.72
50.92
50.56
50.64
44.58
33.33
34.36
51.38
33
35.6
45.08
40.1
50.81
43.94
44.74
55.57
39.06
37.16
47.48
39.82
53
53.62
43.16
42.02
35.35
52.69
53.17
42.8
51.03
34.65
34.17
43.32
53.41
35.54
53.69
37.5
40.38
35.94
54.81
33.11
45.1
55.79
35.91
52.9
54.26
48.89
50.71
48.8
32.08
39.71
42.38
44.09
37.07
42.82
54.05
49.87
48.82
33.89
52.59
55.45
48.04
41.97
47.62
36.24
34.55
53
46.89
46.15
38.09
55.06
41.5
52.89
38.49
38.41
47.6
48.46
46.62
52.15
42.86
42.07
34.58
34.49
40.84
35.92
41.75
38
34.5
38.68
46.17
45.8
37.67
41.17
49.57
54.86
55.05
36.79
37.65
39.05
55.52
33.41
46.32
51.19
53.93
43.84
33.86
51.1
45.59
40.06
38.72
45.71
34.43
37.84
38.03
51.86
40.91
46.3
54.78
40.18
52.75
36.43
55.21
32.47
42.9
55.22
54.22
42.41
36.13
39.8
34.52
32.5
53.3
32.2
48.34
45.09
41.28
32.45
39.48
37.28
47.14
54
36.13
42.63
42.73
47.64
52.23
36.85
44.48
50.02
32.38
38.69
55.7
