22.51
20.3
22.75
18.92
21.82
18.73
20.65
29.24
20.18
24.51
28.04
18.87
22.11
26.96
22.83
19.18
26.49
28.16
24.94
20.44
29.03
22.48
28.69
27.25
29.87
19.39
29.16
25.29
20.02
25.48
22.48
18.62
22.2
25.31
28.44
26.89
20.16
25.03
21.33
26.2
25.18
28.69
24.92
22.19
19.43
21.09
20.8
28.26
22.53
29.01
24.4
19.74
25.3
26.35
23.83
19.25
21.16
23.51
22.58
23.26
18.39
22.27
29.86
18.07
18.34
25.81
23
29.82
22.58
21.59
26.33
19.64
19.69
19.97
28.7
23.39
26.3
29.21
24.98
18.05
19.14
18.88
24.91
21.62
25.75
24.64
21.69
29.96
21.8
29.17
24.57
24.61
21.79
29.13
25.89
21.28
22.59
18.25
19.49
22.09
22.85
27.73
21.21
18.36
19.4
27.2
28.45
25.07
27.59
25.99
28.22
22.93
28.79
27.65
28.71
20.39
20.35
20.49
19.13
21.96
26.55
21.77
20.88
29.56
19.78
18.52
19.76
18.95
24.63
19.43
18.78
25.51
23.4
27.85
25.82
22.19
22.18
25.15
25.81
22.12
28.26
24.06
27.21
18.62
23.19
27.64
28.33
19.34
19.26
29.23
22.78
28.75
25.07
20.25
22.14
29.3
25.18
22.1
19.08
18.09
23
22.07
24.78
18.62
29.7
