29.83
25.57
27.36
25.8
29.82
24.15
29.1
27.26
29.62
22.11
25.33
27.13
28.11
22.45
23.01
22.14
27.64
22
29.56
25.13
27.71
27.65
24.91
26.31
27.13
28.34
22.53
25.1
27.13
24.12
24.72
25.19
27.6
26.69
24.96
25.67
25.94
26.4
26.15
22.15
25.11
22.51
24.42
27.32
23.04
28.46
28.78
29.55
27.33
29.58
26.77
29.83
28.97
26.51
22.7
26.87
28.57
23.98
26.22
26.72
29.29
24.21
26.45
27.24
23.65
29.29
29.44
28.65
29.07
24.69
25.04
26.78
27.25
23.26
25.34
27.09
27.61
27.22
28.57
27.33
27.84
26.86
23.73
25.41
29.3
22.01
23.5
27.29
24.14
23.7
29.03
23.99
27.12
28.19
23.21
24.59
25.03
26.58
23.31
24.71
24.51
26.08
22.59
24.6
26.54
24.72
24.84
27.24
24.36
22.44
23.03
22.55
29.33
26.58
26.01
22.98
29.55
26.53
25.89
23.91
26.72
27.76
29.93
25.36
27.57
24.75
29.68
24.71
29.81
24
23.33
27.17
25.53
23.33
27.92
26.2
29.01
27.92
23.76
22.74
24.06
29.21
24.89
25.09
24.98
24
28.74
24.47
22.54
27.28
26.13
29.72
27.27
23.1
26.31
28.65
29.47
25.43
27.39
23.66
29.45
23.09
22.23
29.3
22.94
